// Traffic stimulus file for Nebula NoC testbench
// Format: timestamp src_node dst_node packet_type size_bytes
00000000 45 00 AXI_READ 2048
00000000 54 60 CHI_READ 0256
00000000 55 14 CHI_READ 0064
00000000 56 63 AXI_READ 0512
00000000 58 63 CHI_READ 0064
00000001 04 00 AXI_READ 1024
00000001 08 02 CHI_READ 0256
00000001 13 00 AXI_READ 2048
00000001 22 63 AXI_READ 2048
00000001 24 56 AXI_READ 1024
00000001 30 13 CHI_READ 0256
00000001 33 63 AXI_READ 2048
00000001 37 47 CHI_READ 0256
00000001 38 56 AXI_READ 1024
00000001 44 18 CHI_READ 0128
00000001 47 56 AXI_READ 4096
00000001 61 46 CHI_READ 0256
00000001 63 63 AXI_READ 0512
00000002 05 63 AXI_READ 4096
00000002 10 00 AXI_READ 1024
00000002 12 00 AXI_READ 0512
00000002 14 02 CHI_READ 0128
00000002 36 56 AXI_READ 4096
00000002 51 00 AXI_READ 0512
00000002 56 07 AXI_READ 0512
00000003 13 63 AXI_READ 2048
00000003 22 00 AXI_READ 4096
00000003 25 07 AXI_READ 2048
00000003 29 20 CHI_READ 0256
00000003 42 62 CHI_READ 0064
00000004 00 48 CHI_READ 0064
00000004 01 63 AXI_READ 2048
00000004 22 00 AXI_READ 0512
00000004 28 56 AXI_READ 0512
00000004 34 00 AXI_READ 0512
00000004 38 54 CHI_READ 0256
00000004 39 07 AXI_READ 1024
00000004 55 63 AXI_READ 0512
00000004 58 59 CHI_READ 0512
00000004 61 00 AXI_READ 1024
00000005 02 56 AXI_READ 0512
00000005 05 07 AXI_READ 4096
00000005 62 00 AXI_READ 1024
00000006 02 63 AXI_READ 1024
00000006 03 63 AXI_READ 2048
00000006 05 07 AXI_READ 4096
00000006 08 63 AXI_READ 2048
00000006 37 47 CHI_READ 0256
00000006 50 30 CHI_READ 0128
00000006 55 44 CHI_READ 0064
00000006 56 56 AXI_READ 1024
00000006 58 43 CHI_READ 0128
00000006 62 07 AXI_READ 1024
00000007 05 52 AXI_WRITE 1024
00000007 06 07 AXI_READ 0512
00000007 17 00 AXI_READ 1024
00000007 35 32 AXI_WRITE 1024
00000007 41 50 CHI_WRITE 2048
00000007 46 56 AXI_WRITE 2048
00000007 51 12 AXI_WRITE 2048
00000007 57 20 AXI_WRITE 8192
00000008 00 56 AXI_WRITE 1024
00000008 12 04 CHI_WRITE 1024
00000008 13 36 AXI_WRITE 2048
00000008 33 08 AXI_WRITE 8192
00000008 35 07 AXI_READ 1024
00000008 40 24 AXI_WRITE 2048
00000008 45 56 AXI_READ 0512
00000008 51 63 AXI_READ 0256
00000008 54 07 AXI_READ 0256
00000009 02 10 CHI_WRITE 2048
00000009 07 00 AXI_READ 1024
00000009 20 56 AXI_READ 1024
00000009 22 31 CHI_WRITE 0512
00000009 23 63 AXI_READ 0512
00000009 24 07 AXI_READ 1024
00000009 30 08 AXI_WRITE 4096
00000009 33 25 CHI_WRITE 1024
00000009 36 43 CHI_WRITE 2048
00000009 39 30 CHI_WRITE 1024
00000009 43 00 AXI_READ 0512
00000009 51 58 CHI_WRITE 1024
00000009 60 48 AXI_WRITE 4096
00000009 63 08 AXI_WRITE 2048
00000010 12 07 AXI_READ 0512
00000010 16 00 AXI_READ 0512
00000010 18 63 AXI_READ 0512
00000010 20 19 CHI_WRITE 0512
00000010 22 04 AXI_WRITE 8192
00000010 28 35 CHI_WRITE 1024
00000010 29 24 AXI_WRITE 2048
00000010 35 27 CHI_WRITE 0512
00000010 38 29 CHI_WRITE 1024
00000010 41 16 AXI_WRITE 1024
00000010 42 56 AXI_READ 0256
00000010 47 56 AXI_READ 0512
00000010 49 00 AXI_READ 0512
00000010 56 57 CHI_WRITE 0512
00000010 59 07 AXI_READ 0256
00000010 62 00 AXI_READ 1024
00000011 10 04 AXI_WRITE 8192
00000011 11 19 CHI_WRITE 1024
00000011 14 36 AXI_WRITE 2048
00000011 23 28 AXI_WRITE 4096
00000011 26 48 AXI_WRITE 4096
00000011 31 56 AXI_READ 0256
00000011 32 52 AXI_WRITE 4096
00000011 40 48 CHI_WRITE 0512
00000011 62 56 AXI_READ 1024
00000012 00 56 AXI_READ 0256
00000012 01 44 AXI_WRITE 8192
00000012 06 56 AXI_WRITE 2048
00000012 07 16 AXI_WRITE 1024
00000012 08 07 AXI_READ 0256
00000012 13 12 CHI_WRITE 0512
00000012 18 56 AXI_READ 0256
00000012 19 26 CHI_WRITE 2048
00000012 29 21 CHI_WRITE 2048
00000012 33 16 AXI_WRITE 8192
00000012 48 28 AXI_WRITE 1024
00000012 51 56 AXI_READ 1024
00000012 54 62 CHI_WRITE 2048
00000012 57 07 AXI_READ 1024
00000012 63 55 CHI_WRITE 2048
00000013 05 63 AXI_READ 1024
00000013 08 28 AXI_WRITE 1024
00000013 10 07 AXI_READ 0256
00000013 12 56 AXI_READ 0256
00000013 13 20 CHI_WRITE 0512
00000013 20 16 AXI_WRITE 2048
00000013 36 48 AXI_WRITE 1024
00000013 42 35 CHI_WRITE 2048
00000013 43 40 AXI_WRITE 2048
00000013 50 08 AXI_WRITE 4096
00000013 52 48 AXI_WRITE 8192
00000013 59 60 CHI_WRITE 2048
00000014 00 32 AXI_WRITE 1024
00000014 01 48 AXI_WRITE 2048
00000014 05 14 CHI_WRITE 1024
00000014 11 24 AXI_WRITE 8192
00000014 18 27 CHI_WRITE 0512
00000014 19 08 AXI_WRITE 4096
00000014 23 36 AXI_WRITE 1024
00000014 35 32 AXI_WRITE 2048
00000014 40 49 CHI_WRITE 1024
00000014 52 00 AXI_READ 1024
00000015 00 52 AXI_WRITE 2048
00000015 07 48 AXI_WRITE 4096
00000015 11 63 AXI_READ 0256
00000015 13 12 CHI_WRITE 0512
00000015 15 44 AXI_WRITE 8192
00000015 20 48 AXI_WRITE 1024
00000015 24 17 CHI_WRITE 1024
00000015 25 56 AXI_READ 0512
00000015 29 07 AXI_READ 0512
00000015 44 48 AXI_WRITE 2048
00000015 48 07 AXI_READ 0256
00000015 57 44 AXI_WRITE 8192
00000015 59 56 AXI_READ 0512
00000015 60 00 AXI_READ 0512
00000015 61 24 AXI_WRITE 2048
00000016 02 03 AXI_WRITE 1024
00000016 03 04 AXI_WRITE 1024
00000016 06 07 AXI_WRITE 1024
00000016 15 16 AXI_WRITE 1024
00000016 19 20 AXI_WRITE 1024
00000016 35 36 AXI_WRITE 1024
00000016 49 50 AXI_WRITE 1024
00000016 60 61 AXI_WRITE 1024
00000016 62 63 AXI_WRITE 1024
00000017 07 08 AXI_WRITE 1024
00000017 19 20 AXI_WRITE 1024
00000017 24 25 AXI_WRITE 1024
00000017 25 26 AXI_WRITE 1024
00000017 30 31 AXI_WRITE 1024
00000017 31 32 AXI_WRITE 1024
00000017 34 35 AXI_WRITE 1024
00000017 35 36 AXI_WRITE 1024
00000017 38 39 AXI_WRITE 1024
00000017 41 42 AXI_WRITE 1024
00000017 46 47 AXI_WRITE 1024
00000017 47 48 AXI_WRITE 1024
00000017 52 53 AXI_WRITE 1024
00000017 54 55 AXI_WRITE 1024
00000017 57 58 AXI_WRITE 1024
00000017 59 60 AXI_WRITE 1024
00000018 06 05 AXI_READ 1024
00000018 07 06 AXI_READ 1024
00000018 09 08 AXI_READ 1024
00000018 10 09 AXI_READ 1024
00000018 11 10 AXI_READ 1024
00000018 19 18 AXI_READ 1024
00000018 21 20 AXI_READ 1024
00000018 22 21 AXI_READ 1024
00000018 26 25 AXI_READ 1024
00000018 28 27 AXI_READ 1024
00000018 33 32 AXI_READ 1024
00000018 45 44 AXI_READ 1024
00000018 47 46 AXI_READ 1024
00000018 49 48 AXI_READ 1024
00000018 50 49 AXI_READ 1024
00000018 53 52 AXI_READ 1024
00000018 55 54 AXI_READ 1024
00000018 56 55 AXI_READ 1024
00000018 61 60 AXI_READ 1024
00000019 06 07 AXI_WRITE 4096
00000019 24 07 AXI_READ 1024
00000019 32 07 AXI_WRITE 4096
00000019 36 56 AXI_WRITE 2048
00000019 56 07 AXI_WRITE 8192
00000019 60 07 AXI_WRITE 4096
00000019 62 63 AXI_WRITE 4096
