// Traffic stimulus file for Nebula NoC testbench
// Format: timestamp src_node dst_node packet_type size_bytes
00000000 03 26 CHI_WRITE 0128
00000000 06 63 CHI_READ 0256
00000000 17 07 AXI_WRITE 0128
00000000 24 12 CHI_READ 0064
00000000 37 02 CHI_READ 0256
00000000 49 03 AXI_WRITE 0128
00000001 01 19 CHI_WRITE 0512
00000001 14 26 CHI_WRITE 1024
00000001 17 32 CHI_WRITE 0128
00000001 18 06 CHI_WRITE 0064
00000001 22 03 AXI_WRITE 0128
00000001 31 23 CHI_READ 0256
00000001 36 02 AXI_WRITE 0256
00000001 53 21 AXI_READ 1024
00000001 58 30 CHI_READ 1024
00000002 06 61 AXI_READ 0064
00000002 53 62 AXI_READ 0128
00000003 04 27 CHI_READ 0256
00000003 07 36 AXI_WRITE 0128
00000003 16 37 AXI_WRITE 0128
00000003 31 37 AXI_READ 0512
00000003 45 21 CHI_READ 0256
00000003 52 42 AXI_READ 0064
00000003 62 41 CHI_READ 0256
00000003 63 07 CHI_WRITE 0128
00000004 23 29 CHI_READ 0064
00000004 25 36 AXI_WRITE 0256
00000004 32 33 CHI_WRITE 0512
00000004 36 29 CHI_READ 0256
00000004 41 22 AXI_READ 0128
00000004 42 58 AXI_READ 1024
00000004 55 62 AXI_WRITE 0256
00000004 62 01 CHI_READ 0128
00000005 08 43 CHI_WRITE 0256
00000005 12 39 AXI_READ 0128
00000005 16 29 AXI_WRITE 0128
00000005 39 22 CHI_WRITE 0256
00000005 60 46 AXI_WRITE 0064
00000005 63 04 AXI_WRITE 0512
00000006 31 56 AXI_WRITE 0256
00000006 32 36 CHI_WRITE 0128
00000006 55 52 AXI_READ 0256
00000006 60 32 CHI_WRITE 0128
00000007 02 36 CHI_WRITE 0032
00000007 06 53 CHI_WRITE 0512
00000007 09 10 AXI_WRITE 0064
00000007 24 25 CHI_WRITE 0256
00000007 25 00 AXI_WRITE 0064
00000007 45 13 AXI_WRITE 0256
00000007 48 10 AXI_WRITE 0256
00000007 56 47 CHI_READ 0064
00000008 00 18 CHI_WRITE 0128
00000008 06 40 CHI_READ 0256
00000008 08 10 CHI_WRITE 0256
00000008 13 20 CHI_WRITE 0128
00000008 20 23 AXI_READ 0256
00000008 23 27 CHI_WRITE 0256
00000008 45 25 CHI_READ 0512
00000009 09 47 CHI_WRITE 0512
00000009 13 55 CHI_WRITE 0256
00000009 27 62 CHI_READ 0256
00000009 43 14 AXI_WRITE 0128
00000009 49 06 CHI_READ 0128
00000010 16 40 AXI_WRITE 0128
00000010 18 13 AXI_WRITE 0128
00000011 12 15 CHI_READ 0064
00000011 23 47 CHI_WRITE 0128
00000011 46 22 CHI_READ 0256
00000011 58 17 AXI_WRITE 0256
00000012 05 51 AXI_READ 0128
00000012 14 63 CHI_WRITE 0256
00000012 30 41 CHI_WRITE 0032
00000012 42 23 CHI_READ 0064
00000012 45 40 CHI_READ 0256
00000012 48 06 AXI_READ 0064
00000012 49 37 AXI_WRITE 0128
00000012 51 21 AXI_READ 1024
00000012 54 24 AXI_READ 0256
00000013 01 42 AXI_WRITE 0128
00000013 08 06 AXI_WRITE 0256
00000013 15 36 CHI_READ 0256
00000013 24 58 AXI_WRITE 0128
00000013 40 04 AXI_READ 0128
00000013 41 03 CHI_WRITE 0128
00000013 46 34 AXI_WRITE 0128
00000013 56 44 CHI_WRITE 0256
00000013 58 05 CHI_WRITE 0064
00000013 60 42 AXI_WRITE 0064
00000014 10 52 CHI_WRITE 0128
00000014 11 46 AXI_READ 0128
00000014 13 55 AXI_WRITE 0128
00000014 20 56 AXI_READ 0064
00000014 34 23 AXI_READ 0128
00000014 40 29 CHI_READ 0256
00000014 42 29 AXI_READ 0128
00000014 56 34 CHI_READ 0256
00000014 58 21 AXI_READ 0256
00000015 05 15 CHI_WRITE 0256
00000015 08 06 AXI_WRITE 0256
00000015 11 43 AXI_WRITE 0064
00000015 19 12 AXI_WRITE 0256
00000015 35 54 CHI_READ 0064
00000015 39 19 CHI_READ 0512
00000015 45 06 AXI_WRITE 0064
00000015 46 50 AXI_WRITE 0064
00000015 54 04 AXI_WRITE 0512
00000015 60 29 AXI_READ 0064
00000016 00 44 CHI_WRITE 0064
00000016 05 40 AXI_WRITE 0256
00000016 09 25 AXI_WRITE 0128
00000016 15 25 CHI_READ 0128
00000016 21 39 AXI_WRITE 0032
00000016 58 03 AXI_WRITE 0256
00000016 59 30 AXI_READ 0128
00000017 02 10 AXI_WRITE 0256
00000017 34 39 CHI_READ 0512
00000017 45 46 CHI_READ 0128
00000017 48 16 AXI_READ 0256
00000017 49 28 CHI_WRITE 1024
00000017 60 54 AXI_READ 0128
00000017 63 10 CHI_WRITE 0064
00000018 00 61 AXI_READ 0128
00000018 08 22 AXI_WRITE 1024
00000018 15 26 CHI_WRITE 0064
00000018 22 10 CHI_READ 1024
00000018 34 28 CHI_WRITE 0128
00000018 39 43 CHI_READ 0512
00000018 43 24 CHI_WRITE 1024
00000018 51 36 AXI_WRITE 0064
00000019 03 25 CHI_WRITE 0256
00000019 07 45 CHI_WRITE 0064
00000019 31 30 CHI_READ 0512
00000019 32 53 CHI_READ 0128
00000019 44 28 AXI_WRITE 0512
00000019 49 51 AXI_WRITE 0064
00000019 58 02 CHI_WRITE 0064
